y <- c(25,30,60, 88)